100,58
101,59
102,60
102,61
102,62
102,63
102,64
102,65
102,66
102,67
102,68
102,69
102,70
102,71
102,72
102,73
102,74
102,75
102,76
102,77
102,78
102,79
102,80
102,81
102,82
102,83
102,84
102,85
102,86
102,87
102,88
102,89
102,90
102,91
102,92
102,93
102,94
102,95
102,96
102,97
102,98
102,99
102,100
103,101
104,102
105,103
106,104
107,105
108,106
109,107
110,108
111,109
112,110
113,111
114,112
115,113
116,114
117,115
118,116
119,117
120,118
121,119
122,120
123,121
124,122
125,123
126,124
127,125
128,126
128,127
128,128
129,129
129,130
130,131
130,132
130,133
130,134
130,135
130,136
130,137
130,138
131,139
131,140
131,141
131,142
132,143
133,144
133,145
133,146
133,147
134,148
134,149
135,150
136,151
137,152
138,153
139,154
139,155
140,156
141,156
142,156
143,156
144,156
145,156
146,156
147,156
148,156
149,156
150,156
151,156
152,156
153,156
154,156
155,156
156,156
157,157
158,158
159,159
160,160
161,161
162,162
163,163
164,164
165,165
166,166
167,167
168,168
169,169
170,170
171,170
172,170
173,170
174,170
175,170
176,170
177,170
178,170
179,170
180,170
181,170
182,170
183,170
184,170
185,170
186,170
187,170
188,170
189,170
190,170
191,170
192,171
193,172
194,172
195,173
196,173
197,173
198,174
199,174
200,175
201,176
202,177
203,178
204,179
205,180
206,181
207,182
208,183
209,184
210,185
211,185
212,185
213,185
214,185
215,184
216,183
217,182
218,182
219,182
220,182
221,182
222,182
223,182
224,182
225,182
226,182
227,182
228,182
229,182
230,182
231,182
232,182
233,182
234,182
235,182
236,182
237,182
238,182
239,182
240,182
241,182
242,182
243,182
244,182
245,182
246,181
247,180
248,180
249,179
250,178
251,177
252,176
253,175
254,174
255,173
256,172
257,171
258,170
259,170
260,170
261,170
262,170
263,170
264,170
265,170
266,170
267,170
268,170
269,170
270,170
271,170
272,170
273,170
274,170
275,170
276,170
277,170
278,170
279,170
280,170
281,170
282,170
283,170
284,170
285,170
286,170
287,170
288,170
289,170
290,170
291,170
292,170
293,170
294,170
295,170
296,170
297,170
298,170
299,170
300,170
301,170
302,170
303,170
304,170
305,170
306,170
307,170
308,170
309,170
310,169
311,168
312,167
313,166
314,166
315,166
316,166
317,166
318,165
319,165
320,165
321,165
322,165
323,165
324,165
325,165
326,165
327,165
328,165
329,165
330,165
331,165
332,165
333,165
334,165
335,164
336,164
337,164
338,164
339,164
340,164
341,164
342,164
343,164
344,164
345,163
346,162
347,162
348,162
349,162
350,162
351,163
352,164
353,165
354,166
355,167
356,168
357,169
358,170
359,171
360,172
361,173
362,174
363,175
364,176
365,177
366,178
367,179
368,180
369,181
370,182
371,183
372,184
373,185
374,186
374,187
374,188
374,189
374,190
374,191
375,192
376,193
377,194
378,195
379,196
380,197
381,198
382,199
383,200
384,200
385,200
386,200
387,200
388,200
389,200
390,200
391,200
392,200
393,200
394,200
395,200
396,200
397,200
398,200
399,200
400,200
401,200
402,200
403,200
404,200
405,201
406,202
407,203
408,204
409,205
410,206
411,207
412,208
413,209
414,210
415,211
416,212
417,213
418,214
419,214
420,214
421,214
422,214
423,214
424,214
425,214
426,214
427,214
428,214
429,214
430,214
431,214
432,214
433,215
434,216
435,217
436,217
437,217
438,217
439,217
440,217
441,217
442,217
443,217
444,217
445,217
446,217
447,217
448,217
449,217
450,217
451,217
452,217
453,217
454,217
455,217
456,217
457,217
458,217
459,217
460,217
461,217
462,217
463,217
464,217
465,217
466,217
467,217
468,217
469,217
470,217
471,217
472,217
473,217
474,217
475,217
476,217
477,217
478,217
479,217
480,217
481,217
482,217
483,217
484,217
485,217
486,217
487,217
488,217
489,217
490,217
491,217
492,217
493,217
494,217
495,217
496,217
497,217
498,217
499,217
500,218
501,219
502,220
503,221
504,222
505,223
506,224
507,225
508,226
509,227
510,228
511,229
512,230
513,231
514,232
515,233
516,234
517,235
518,236
519,237
520,238
521,239
522,240
523,241
524,242
525,243
526,244
527,245
528,246
529,247
530,248
531,249
532,250
533,251
534,252
535,253
536,254
537,255
538,256
539,257
540,258
541,259
542,260
543,261
544,262
545,263
546,264
547,265
548,266
549,267
550,268
551,269
552,270
553,271
554,272
555,273
556,273
557,273
558,273
559,273
560,273
561,273
562,273
563,273
564,273
565,273
566,273
567,273
568,273
569,273
570,273
571,273
572,273
573,273
574,273
575,273
576,273
577,273
578,273
579,273
580,273
581,273
582,273
583,273
584,273
585,273
586,273
587,273
588,273
589,273
590,273
591,273
592,273
593,273
594,273
595,273
596,273
597,273
598,273
599,273
600,273
601,273
602,273
603,273
604,273
605,273
606,273
607,273
608,273
609,273
610,273
611,273
612,273
613,273
614,273
615,273
616,273
617,273
618,273
619,273
620,273
621,273
622,273
623,273
624,273
625,273
626,273
627,273
628,273
629,273
630,273
631,273
632,273
633,273
634,273
635,273
636,273
637,273
638,273
639,273
640,273
641,273
642,273
643,273
644,273
645,273
646,273
647,273
648,273
649,273
650,273
651,273
652,273
653,273
654,273
655,273
656,273
657,273
658,273
659,273
660,273
661,273
662,273
663,273
664,273
665,273
666,273
667,273
668,273
669,273
670,273
671,273
672,273
673,273
674,273
675,273
676,273
677,273
678,273
679,273
680,273
681,273
682,273
683,273
684,273
685,273
686,273
687,273
688,273
689,273
690,273
691,273
692,273
693,273
694,273
695,273
696,273
697,273
698,273
699,273
700,273
701,273
702,273
703,273
704,273
705,273
706,273
707,273
708,273
709,273
710,273
711,273
712,273
713,273
714,273
715,273
716,273
717,273
718,273
719,273
720,273
721,273
722,273
723,273
724,273
725,273
726,273
727,273
728,273
729,273
730,273
731,273
732,273
733,273
734,273
735,273
736,273
737,273
738,273
739,273
740,273
741,273
742,273
743,273
744,273
745,273
746,273
747,273
748,273
749,273
750,273
751,273
752,273
753,273
754,273
755,273
756,273
757,273
758,273
759,273
760,273
761,273
762,273
763,273
764,273
765,273
766,273
767,273
768,273
769,273
770,273
771,273
772,273
773,273
774,273
775,273
776,273
777,273
778,273
779,273
780,273
781,273
782,273
783,273
784,273
785,273
786,273
787,273
788,273
789,273
790,273
791,273
792,273
793,273
794,273
795,273
796,273
797,273
798,273
799,273
